---
position: [-0.07, 0.00, 0.23]
orientation: [0, 0.707107, 0, 0.707107]
