---
position: [-0.16, 0.03, -0.02]
orientation: [0, 0.707107, 0, 0.707107]
