---
position: [-0.08, 0.04, -0.12]
orientation: [0, 0.707107, 0, 0.707107]
