---
position: [-0.21, 0.0, -0.02]
orientation: [0, 0.707107, 0, 0.707107]
