---
position: [-0.0258996277153, 0.0240826910914, 0.0848514443093]
orientation: [0.999830640607, -0.0012231335429, -0.0107111509937, -0.0149152704568]
