---
position: [-0.07, 0, 0.06]
orientation: [0.999317820412805, -0.0356234813939058, -0.00972152173282792, -0.000594469491711967]
