---
position: [0, 0, 0]
orientation: [0.00962977751126992, 0.0065235207086743, -0.0273834972732862, 0.99955732959132]
