---
position: [-0.0312789, 0.253099, -0.0705127]
orientation: [-0.64887, 0.70013, -0.217981, 0.203151]
