---
position: [-0.118624733960671, 0.265980129883671, -0.0615465845487415]
orientation: [0.766555568727821, -0.641948542422425, 0.00383003916476858, -0.0167319973131062]
