---
position: [-0.07, 0.28, 0.05]
orientation: [-0.707106781186547, 0, 0, 0.707106781186548]