---
position: [-0.104502427115382, 0.293380455544043, -0.0504045800193194]
orientation: [-0.712684907137849, 0.0132559718953904, -0.000371504276239843, 0.701358941150387]
