---
position: [-0.0646449488093, 0.284747905377, 0.0337996166058]
orientation: [-0.715752302941, 0.0120101325693, -0.0166744891929, 0.698051831142]
