---
position: [-0.07, 0.28, -0.05]
orientation: [-0.692534, 0.721323, -0.000878288, 0.00949207]
